a: 0.03846153846
b: 0.03846153846
c: 0.03846153846
d: 0.03846153846
e: 0.03846153846
f: 0.03846153846
g: 0.03846153846
h: 0.03846153846
i: 0.03846153846
j: 0.03846153846
k: 0.03846153846
l: 0.03846153846
m: 0.03846153846
n: 0.03846153846
o: 0.03846153846
p: 0.03846153846
q: 0.03846153846
r: 0.03846153846
s: 0.03846153846
t: 0.03846153846
u: 0.03846153846
v: 0.03846153846
w: 0.03846153846
x: 0.03846153846
y: 0.03846153846
z: 0.03846153846